[INFO 20:16:08] pymarl Running command 'my_main'
[INFO 20:16:08] pymarl Started run with ID "14"
[DEBUG 20:16:08] pymarl Starting Heartbeat
[DEBUG 20:16:08] my_main Started
[WARNING 20:16:08] my_main CUDA flag use_cuda was switched OFF automatically because no CUDA devices are available!
[INFO 20:16:08] my_main Experiment Parameters:
[INFO 20:16:08] my_main 

{   'action_selector': 'epsilon_greedy',
    'agent': 'rnn',
    'agent_output_type': 'q',
    'atom': 51,
    'batch_size': 32,
    'batch_size_run': 1,
    'buffer_cpu_only': True,
    'buffer_size': 5000,
    'burn_in_period': 32,
    'checkpoint_path': '',
    'comm': True,
    'comm_embed_dim': 10,
    'comm_method': 'ccdg',
    'critic_lr': 0.0005,
    'double_q': True,
    'env': 'sc2',
    'env_args': {   'continuing_episode': False,
                    'debug': False,
                    'difficulty': '7',
                    'game_version': None,
                    'heuristic_ai': False,
                    'heuristic_rest': False,
                    'map_name': '3m',
                    'move_amount': 2,
                    'obs_all_health': True,
                    'obs_instead_of_state': False,
                    'obs_last_action': False,
                    'obs_own_health': True,
                    'obs_pathing_grid': False,
                    'obs_terrain_height': False,
                    'obs_timestep_number': False,
                    'replay_dir': '',
                    'replay_prefix': '',
                    'reward_death_value': 10,
                    'reward_defeat': 0,
                    'reward_negative_scale': 0.5,
                    'reward_only_positive': True,
                    'reward_scale': True,
                    'reward_scale_rate': 20,
                    'reward_sparse': False,
                    'reward_win': 200,
                    'seed': 687073010,
                    'state_last_action': True,
                    'state_timestep_number': False,
                    'step_mul': 8},
    'epsilon_anneal_time': 50000,
    'epsilon_finish': 0.05,
    'epsilon_start': 1.0,
    'evaluate': False,
    'gamma': 0.99,
    'grad_norm_clip': 10,
    'is_batch_rl': False,
    'is_cur_mu': True,
    'is_from_start': True,
    'is_save_buffer': False,
    'label': 'default_label',
    'learner': 'cate_q_learner',
    'learner_log_interval': 7000,
    'load_buffer_id': 0,
    'load_step': 0,
    'local_results_path': 'results',
    'log_interval': 7000,
    'lr': 0.0005,
    'mac': 'ccdg_comm_mac',
    'mixer': 'qmix',
    'mixing_embed_dim': 32,
    'name': 'tar_qmix_smac_parallel',
    'num_circle': 1,
    'obs_agent_id': True,
    'obs_last_action': True,
    'only_downstream': True,
    'optim_alpha': 0.99,
    'optim_eps': 1e-05,
    'prob': 0,
    'repeat_id': 1,
    'rnn_hidden_dim': 64,
    'runner': 'parallel',
    'runner_log_interval': 7000,
    'save_buffer_id': 0,
    'save_buffer_interval': 1000,
    'save_buffer_size': 10000,
    'save_model': False,
    'save_model_interval': 2000000,
    'save_replay': False,
    'seed': 687073010,
    'signature_dim': 32,
    't_max': 2100000,
    'target_update_interval': 200,
    'test_cut_list': [   0.0,
                         0.1,
                         0.2,
                         0.3,
                         0.4,
                         0.5,
                         0.6,
                         0.7,
                         0.8,
                         0.9,
                         1.0],
    'test_cut_prob_list': [   0.0,
                              0.1,
                              0.2,
                              0.3,
                              0.4,
                              0.5,
                              0.6,
                              0.7,
                              0.8,
                              0.9,
                              1.0],
    'test_cut_prob_thres': 0.0,
    'test_greedy': True,
    'test_interval': 7000,
    'test_is_cut': False,
    'test_is_cut_prob': False,
    'test_is_print_once': False,
    'test_nepisode': 24,
    'thres': 0,
    'use_IB': False,
    'use_cuda': False,
    'use_tensorboard': False,
    'vmax': 10,
    'vmin': -10}

********env info***********
n agent 3
n actions 9
state_shape 48
*************************
prob:0--1thres:0--1[INFO 20:16:14] my_main Beginning training for 2100000 timesteps
[INFO 20:16:14] absl Launching SC2: /root/StarCraftII/Versions/Base55958/SC2_x64 -listen 127.0.0.1 -port 41665 -dataDir /root/StarCraftII/ -tempDir /tmp/sc-6xs0pj2f/
[INFO 20:16:14] absl Connecting to: ws://127.0.0.1:41665/sc2api, attempt: 0, running: True
Version: B55958 (SC2.3.16)
Build: Jul 31 2017 13:19:41
Command Line: '"/root/StarCraftII/Versions/Base55958/SC2_x64" -listen 127.0.0.1 -port 41665 -dataDir /root/StarCraftII/ -tempDir /tmp/sc-6xs0pj2f/'
Starting up...
Startup Phase 1 complete
[INFO 20:16:15] absl Connecting to: ws://127.0.0.1:41665/sc2api, attempt: 1, running: True
[INFO 20:16:16] absl Connecting to: ws://127.0.0.1:41665/sc2api, attempt: 2, running: True
Startup Phase 2 complete
Creating stub renderer...
[INFO 20:16:17] absl Connecting to: ws://127.0.0.1:41665/sc2api, attempt: 3, running: True
Listening on: 127.0.0.1:41665 (41665)
Startup Phase 3 complete. Ready for commands.
[INFO 20:16:18] absl Connecting to: ws://127.0.0.1:41665/sc2api, attempt: 4, running: True
Requesting to join a single player game
Configuring interface options
Configure: raw interface enabled
Configure: feature layer interface disabled
Configure: score interface disabled
Configure: render interface disabled
Entering load game phase.
Launching next game.
Next launch phase started: 2
Next launch phase started: 3
Next launch phase started: 4
Next launch phase started: 5
Next launch phase started: 6
Next launch phase started: 7
Next launch phase started: 8
Game has started.
Sending ResponseJoinGame
/root/autodl-fs/CCDG/src/components/episode_buffer.py:103: UserWarning: To copy construct from a tensor, it is recommended to use sourceTensor.clone().detach() or sourceTensor.clone().detach().requires_grad_(True), rather than torch.tensor(sourceTensor).
  v = th.tensor(v, dtype=dtype, device=self.device)
[INFO 20:16:27] my_main t_env: 23 / 2100000
[INFO 20:16:27] my_main Estimated time left: 1 hours, 7 minutes, 35 seconds. Time passed: 13 seconds
p_i tensor([[0.5006],
        [0.4554],
        [0.5268]], grad_fn=<SigmoidBackward>)
tensor([[[0.3340, 0.3309, 0.3351],
         [0.3337, 0.3302, 0.3361],
         [0.3315, 0.3323, 0.3363]]], grad_fn=<SoftmaxBackward>)
tensor([[[0.3340, 0.3309, 0.3351],
         [0.3337, 0.3302, 0.3361],
         [0.3315, 0.3323, 0.3363]]])
p_i tensor([[0.5355],
        [0.4826],
        [0.5463]], grad_fn=<SigmoidBackward>)
tensor([[[0.3357, 0.3297, 0.3347],
         [0.3358, 0.3285, 0.3357],
         [0.3335, 0.3307, 0.3359]]], grad_fn=<SoftmaxBackward>)
tensor([[[0.3357, 0.3297, 0.3347],
         [0.3358, 0.3285, 0.3357],
         [0.3335, 0.3307, 0.3359]]])
p_i tensor([[0.5185],
        [0.4746],
        [0.5637]], grad_fn=<SigmoidBackward>)
tensor([[[0.3345, 0.3268, 0.3387],
         [0.3379, 0.3286, 0.3335],
         [0.3366, 0.3226, 0.3408]]], grad_fn=<SoftmaxBackward>)
tensor([[[0.3345, 0.3268, 0.3387],
         [0.3379, 0.3286, 0.3335],
         [0.3366, 0.3226, 0.3408]]])
p_i tensor([[0.5956],
        [0.6241],
        [0.5610]], grad_fn=<SigmoidBackward>)
tensor([[[0.3455, 0.3310, 0.3235],
         [0.3465, 0.3302, 0.3232],
         [0.3437, 0.3322, 0.3242]]], grad_fn=<SoftmaxBackward>)
tensor([[[0.3455, 0.3310, 0.3235],
         [0.3465, 0.3302, 0.3232],
         [0.3437, 0.3322, 0.3242]]])
p_i tensor([[0.6440],
        [0.6639],
        [0.6497]], grad_fn=<SigmoidBackward>)
tensor([[[0.3450, 0.3326, 0.3223],
         [0.3456, 0.3311, 0.3233],
         [0.3388, 0.3331, 0.3280]]], grad_fn=<SoftmaxBackward>)
tensor([[[0.3450, 0.3326, 0.3223],
         [0.3456, 0.3311, 0.3233],
         [0.3388, 0.3331, 0.3280]]])
p_i tensor([[0.6458],
        [0.6805],
        [0.6430]], grad_fn=<SigmoidBackward>)
tensor([[[0.3434, 0.3333, 0.3234],
         [0.3435, 0.3311, 0.3254],
         [0.3401, 0.3340, 0.3259]]], grad_fn=<SoftmaxBackward>)
tensor([[[0.3434, 0.3333, 0.3234],
         [0.3435, 0.3311, 0.3254],
         [0.3401, 0.3340, 0.3259]]])
p_i tensor([[0.6507],
        [0.6783],
        [0.6463]], grad_fn=<SigmoidBackward>)
tensor([[[0.3446, 0.3339, 0.3215],
         [0.3441, 0.3311, 0.3247],
         [0.3408, 0.3342, 0.3250]]], grad_fn=<SoftmaxBackward>)
tensor([[[0.3446, 0.3339, 0.3215],
         [0.3441, 0.3311, 0.3247],
         [0.3408, 0.3342, 0.3250]]])
p_i tensor([[0.6402],
        [0.6731],
        [0.6403]], grad_fn=<SigmoidBackward>)
tensor([[[0.3447, 0.3332, 0.3222],
         [0.3442, 0.3303, 0.3254],
         [0.3409, 0.3332, 0.3258]]], grad_fn=<SoftmaxBackward>)
tensor([[[0.3447, 0.3332, 0.3222],
         [0.3442, 0.3303, 0.3254],
         [0.3409, 0.3332, 0.3258]]])
p_i tensor([[0.5744],
        [0.6331],
        [0.4927]], grad_fn=<SigmoidBackward>)
tensor([[[0.3331, 0.3215, 0.3454],
         [0.3277, 0.3139, 0.3584],
         [0.3423, 0.3352, 0.3225]]], grad_fn=<SoftmaxBackward>)
tensor([[[0.3331, 0.3215, 0.3454],
         [0.3277, 0.3139, 0.3584],
         [0.3423, 0.3352, 0.3225]]])
p_i tensor([[0.5751],
        [0.6228],
        [0.4643]], grad_fn=<SigmoidBackward>)
tensor([[[0.3350, 0.3230, 0.3420],
         [0.3281, 0.3139, 0.3579],
         [0.3414, 0.3363, 0.3223]]], grad_fn=<SoftmaxBackward>)
tensor([[[0.3350, 0.3230, 0.3420],
         [0.3281, 0.3139, 0.3579],
         [0.3414, 0.3363, 0.3223]]])
p_i tensor([[0.5577],
        [0.6143],
        [0.4702]], grad_fn=<SigmoidBackward>)
tensor([[[0.3310, 0.3222, 0.3469],
         [0.3238, 0.3124, 0.3637],
         [0.3408, 0.3368, 0.3224]]], grad_fn=<SoftmaxBackward>)
tensor([[[0.3310, 0.3222, 0.3469],
         [0.3238, 0.3124, 0.3637],
         [0.3408, 0.3368, 0.3224]]])
p_i tensor([[0.5696],
        [0.6226],
        [0.4737]], grad_fn=<SigmoidBackward>)
tensor([[[0.3288, 0.3212, 0.3501],
         [0.3211, 0.3111, 0.3679],
         [0.3404, 0.3367, 0.3229]]], grad_fn=<SoftmaxBackward>)
tensor([[[0.3288, 0.3212, 0.3501],
         [0.3211, 0.3111, 0.3679],
         [0.3404, 0.3367, 0.3229]]])
p_i tensor([[0.5536],
        [0.6294],
        [0.4755]], grad_fn=<SigmoidBackward>)
tensor([[[0.3248, 0.3201, 0.3551],
         [0.3171, 0.3097, 0.3732],
         [0.3395, 0.3367, 0.3237]]], grad_fn=<SoftmaxBackward>)
tensor([[[0.3248, 0.3201, 0.3551],
         [0.3171, 0.3097, 0.3732],
         [0.3395, 0.3367, 0.3237]]])
p_i tensor([[0.5550],
        [0.6528],
        [0.4760]], grad_fn=<SigmoidBackward>)
tensor([[[0.3214, 0.3196, 0.3589],
         [0.3136, 0.3083, 0.3781],
         [0.3387, 0.3368, 0.3245]]], grad_fn=<SoftmaxBackward>)
tensor([[[0.3214, 0.3196, 0.3589],
         [0.3136, 0.3083, 0.3781],
         [0.3387, 0.3368, 0.3245]]])
p_i tensor([[0.5578],
        [0.6609],
        [0.4761]], grad_fn=<SigmoidBackward>)
tensor([[[0.3187, 0.3182, 0.3631],
         [0.3102, 0.3060, 0.3838],
         [0.3382, 0.3365, 0.3253]]], grad_fn=<SoftmaxBackward>)
tensor([[[0.3187, 0.3182, 0.3631],
         [0.3102, 0.3060, 0.3838],
         [0.3382, 0.3365, 0.3253]]])
p_i tensor([[0.5214],
        [0.5351],
        [0.4760]], grad_fn=<SigmoidBackward>)
tensor([[[0.3139, 0.3447, 0.3414],
         [0.3351, 0.3306, 0.3343],
         [0.3367, 0.3314, 0.3319]]], grad_fn=<SoftmaxBackward>)
tensor([[[0.3139, 0.3447, 0.3414],
         [0.3351, 0.3306, 0.3343],
         [0.3367, 0.3314, 0.3319]]])
p_i tensor([[0.4371],
        [0.4727],
        [0.4773]], grad_fn=<SigmoidBackward>)
tensor([[[0.3250, 0.3364, 0.3386],
         [0.3449, 0.3256, 0.3295],
         [0.3390, 0.3300, 0.3311]]], grad_fn=<SoftmaxBackward>)
tensor([[[0.3250, 0.3364, 0.3386],
         [0.3449, 0.3256, 0.3295],
         [0.3390, 0.3300, 0.3311]]])
p_i tensor([[0.4715],
        [0.4729],
        [0.4785]], grad_fn=<SigmoidBackward>)
tensor([[[0.3270, 0.3365, 0.3365],
         [0.3473, 0.3249, 0.3278],
         [0.3390, 0.3300, 0.3310]]], grad_fn=<SoftmaxBackward>)
tensor([[[0.3270, 0.3365, 0.3365],
         [0.3473, 0.3249, 0.3278],
         [0.3390, 0.3300, 0.3310]]])
p_i tensor([[0.4295],
        [0.4713],
        [0.4789]], grad_fn=<SigmoidBackward>)
tensor([[[0.3350, 0.3301, 0.3349],
         [0.3462, 0.3256, 0.3282],
         [0.3390, 0.3300, 0.3310]]], grad_fn=<SoftmaxBackward>)
tensor([[[0.3350, 0.3301, 0.3349],
         [0.3462, 0.3256, 0.3282],
         [0.3390, 0.3300, 0.3310]]])
p_i tensor([[0.4230],
        [0.4692],
        [0.4788]], grad_fn=<SigmoidBackward>)
tensor([[[0.3325, 0.3310, 0.3365],
         [0.3459, 0.3259, 0.3283],
         [0.3383, 0.3304, 0.3312]]], grad_fn=<SoftmaxBackward>)
tensor([[[0.3325, 0.3310, 0.3365],
         [0.3459, 0.3259, 0.3283],
         [0.3383, 0.3304, 0.3312]]])
p_i tensor([[0.4191],
        [0.4668],
        [0.4786]], grad_fn=<SigmoidBackward>)
tensor([[[0.3313, 0.3314, 0.3373],
         [0.3457, 0.3260, 0.3283],
         [0.3380, 0.3307, 0.3313]]], grad_fn=<SoftmaxBackward>)
tensor([[[0.3313, 0.3314, 0.3373],
         [0.3457, 0.3260, 0.3283],
         [0.3380, 0.3307, 0.3313]]])
p_i tensor([[0.4587],
        [0.4654],
        [0.4785]], grad_fn=<SigmoidBackward>)
tensor([[[0.3283, 0.3337, 0.3380],
         [0.3468, 0.3255, 0.3277],
         [0.3396, 0.3299, 0.3305]]], grad_fn=<SoftmaxBackward>)
tensor([[[0.3283, 0.3337, 0.3380],
         [0.3468, 0.3255, 0.3277],
         [0.3396, 0.3299, 0.3305]]])
p_i tensor([[0.4099],
        [0.4650],
        [0.4784]], grad_fn=<SigmoidBackward>)
tensor([[[0.3284, 0.3344, 0.3372],
         [0.3469, 0.3255, 0.3276],
         [0.3377, 0.3308, 0.3314]]], grad_fn=<SoftmaxBackward>)
tensor([[[0.3284, 0.3344, 0.3372],
         [0.3469, 0.3255, 0.3276],
         [0.3377, 0.3308, 0.3314]]])
p_i tensor([[0.4645],
        [0.4642],
        [0.4783]], grad_fn=<SigmoidBackward>)
tensor([[[0.3283, 0.3339, 0.3378],
         [0.3469, 0.3255, 0.3276],
         [0.3397, 0.3298, 0.3305]]], grad_fn=<SoftmaxBackward>)
tensor([[[0.3283, 0.3339, 0.3378],
         [0.3469, 0.3255, 0.3276],
         [0.3397, 0.3298, 0.3305]]])
p_i tensor([[0.4593],
        [0.4642],
        [0.4783]], grad_fn=<SigmoidBackward>)
tensor([[[0.3214, 0.3393, 0.3393],
         [0.3509, 0.3235, 0.3256],
         [0.3383, 0.3305, 0.3312]]], grad_fn=<SoftmaxBackward>)
tensor([[[0.3214, 0.3393, 0.3393],
         [0.3509, 0.3235, 0.3256],
         [0.3383, 0.3305, 0.3312]]])
p_i tensor([[0.4593],
        [0.4646],
        [0.4793]], grad_fn=<SigmoidBackward>)
tensor([[[0.3222, 0.3391, 0.3387],
         [0.3513, 0.3233, 0.3254],
         [0.3385, 0.3304, 0.3311]]], grad_fn=<SoftmaxBackward>)
tensor([[[0.3222, 0.3391, 0.3387],
         [0.3513, 0.3233, 0.3254],
         [0.3385, 0.3304, 0.3311]]])
p_i tensor([[0.4607],
        [0.4647],
        [0.4798]], grad_fn=<SigmoidBackward>)
tensor([[[0.3223, 0.3391, 0.3386],
         [0.3515, 0.3232, 0.3252],
         [0.3386, 0.3304, 0.3310]]], grad_fn=<SoftmaxBackward>)
tensor([[[0.3223, 0.3391, 0.3386],
         [0.3515, 0.3232, 0.3252],
         [0.3386, 0.3304, 0.3310]]])
p_i tensor([[0.4614],
        [0.4648],
        [0.4801]], grad_fn=<SigmoidBackward>)
tensor([[[0.3222, 0.3391, 0.3386],
         [0.3517, 0.3232, 0.3252],
         [0.3386, 0.3304, 0.3310]]], grad_fn=<SoftmaxBackward>)
tensor([[[0.3222, 0.3391, 0.3386],
         [0.3517, 0.3232, 0.3252],
         [0.3386, 0.3304, 0.3310]]])
p_i tensor([[0.4617],
        [0.4648],
        [0.4803]], grad_fn=<SigmoidBackward>)
tensor([[[0.3221, 0.3392, 0.3387],
         [0.3517, 0.3231, 0.3251],
         [0.3387, 0.3304, 0.3310]]], grad_fn=<SoftmaxBackward>)
tensor([[[0.3221, 0.3392, 0.3387],
         [0.3517, 0.3231, 0.3251],
         [0.3387, 0.3304, 0.3310]]])
p_i tensor([[0.4617],
        [0.4649],
        [0.4804]], grad_fn=<SigmoidBackward>)
tensor([[[0.3221, 0.3392, 0.3387],
         [0.3518, 0.3231, 0.3251],
         [0.3387, 0.3303, 0.3310]]], grad_fn=<SoftmaxBackward>)
tensor([[[0.3221, 0.3392, 0.3387],
         [0.3518, 0.3231, 0.3251],
         [0.3387, 0.3303, 0.3310]]])
p_i tensor([[0.4616],
        [0.4649],
        [0.4804]], grad_fn=<SigmoidBackward>)
tensor([[[0.3220, 0.3392, 0.3387],
         [0.3518, 0.3231, 0.3251],
         [0.3387, 0.3303, 0.3310]]], grad_fn=<SoftmaxBackward>)
tensor([[[0.3220, 0.3392, 0.3387],
         [0.3518, 0.3231, 0.3251],
         [0.3387, 0.3303, 0.3310]]])
p_i tensor([[0.4614],
        [0.4649],
        [0.4805]], grad_fn=<SigmoidBackward>)
tensor([[[0.3220, 0.3392, 0.3388],
         [0.3518, 0.3231, 0.3251],
         [0.3387, 0.3303, 0.3310]]], grad_fn=<SoftmaxBackward>)
tensor([[[0.3220, 0.3392, 0.3388],
         [0.3518, 0.3231, 0.3251],
         [0.3387, 0.3303, 0.3310]]])
p_i tensor([[0.4613],
        [0.4648],
        [0.4805]], grad_fn=<SigmoidBackward>)
tensor([[[0.3220, 0.3392, 0.3388],
         [0.3518, 0.3231, 0.3251],
         [0.3387, 0.3303, 0.3310]]], grad_fn=<SoftmaxBackward>)
tensor([[[0.3220, 0.3392, 0.3388],
         [0.3518, 0.3231, 0.3251],
         [0.3387, 0.3303, 0.3310]]])
p_i tensor([[0.4613],
        [0.4648],
        [0.4805]], grad_fn=<SigmoidBackward>)
tensor([[[0.3220, 0.3392, 0.3388],
         [0.3518, 0.3231, 0.3251],
         [0.3387, 0.3303, 0.3309]]], grad_fn=<SoftmaxBackward>)
tensor([[[0.3220, 0.3392, 0.3388],
         [0.3518, 0.3231, 0.3251],
         [0.3387, 0.3303, 0.3309]]])
p_i tensor([[0.4612],
        [0.4648],
        [0.4805]], grad_fn=<SigmoidBackward>)
tensor([[[0.3220, 0.3392, 0.3388],
         [0.3518, 0.3231, 0.3251],
         [0.3387, 0.3303, 0.3309]]], grad_fn=<SoftmaxBackward>)
tensor([[[0.3220, 0.3392, 0.3388],
         [0.3518, 0.3231, 0.3251],
         [0.3387, 0.3303, 0.3309]]])
p_i tensor([[0.4612],
        [0.4648],
        [0.4805]], grad_fn=<SigmoidBackward>)
tensor([[[0.3220, 0.3392, 0.3388],
         [0.3518, 0.3231, 0.3251],
         [0.3387, 0.3303, 0.3309]]], grad_fn=<SoftmaxBackward>)
tensor([[[0.3220, 0.3392, 0.3388],
         [0.3518, 0.3231, 0.3251],
         [0.3387, 0.3303, 0.3309]]])
p_i tensor([[0.4612],
        [0.4648],
        [0.4805]], grad_fn=<SigmoidBackward>)
tensor([[[0.3220, 0.3392, 0.3388],
         [0.3518, 0.3231, 0.3251],
         [0.3387, 0.3303, 0.3309]]], grad_fn=<SoftmaxBackward>)
tensor([[[0.3220, 0.3392, 0.3388],
         [0.3518, 0.3231, 0.3251],
         [0.3387, 0.3303, 0.3309]]])
p_i tensor([[0.4611],
        [0.4648],
        [0.4805]], grad_fn=<SigmoidBackward>)
tensor([[[0.3220, 0.3392, 0.3388],
         [0.3518, 0.3231, 0.3251],
         [0.3387, 0.3303, 0.3309]]], grad_fn=<SoftmaxBackward>)
tensor([[[0.3220, 0.3392, 0.3388],
         [0.3518, 0.3231, 0.3251],
         [0.3387, 0.3303, 0.3309]]])
p_i tensor([[0.4611],
        [0.4648],
        [0.4805]], grad_fn=<SigmoidBackward>)
tensor([[[0.3220, 0.3392, 0.3388],
         [0.3518, 0.3231, 0.3251],
         [0.3387, 0.3303, 0.3309]]], grad_fn=<SoftmaxBackward>)
tensor([[[0.3220, 0.3392, 0.3388],
         [0.3518, 0.3231, 0.3251],
         [0.3387, 0.3303, 0.3309]]])
p_i tensor([[0.4611],
        [0.4648],
        [0.4805]], grad_fn=<SigmoidBackward>)
tensor([[[0.3220, 0.3392, 0.3388],
         [0.3518, 0.3231, 0.3251],
         [0.3387, 0.3303, 0.3309]]], grad_fn=<SoftmaxBackward>)
tensor([[[0.3220, 0.3392, 0.3388],
         [0.3518, 0.3231, 0.3251],
         [0.3387, 0.3303, 0.3309]]])
p_i tensor([[0.4611],
        [0.4648],
        [0.4805]], grad_fn=<SigmoidBackward>)
tensor([[[0.3220, 0.3392, 0.3388],
         [0.3518, 0.3231, 0.3251],
         [0.3387, 0.3303, 0.3309]]], grad_fn=<SoftmaxBackward>)
tensor([[[0.3220, 0.3392, 0.3388],
         [0.3518, 0.3231, 0.3251],
         [0.3387, 0.3303, 0.3309]]])
p_i tensor([[0.4611],
        [0.4648],
        [0.4805]], grad_fn=<SigmoidBackward>)
tensor([[[0.3220, 0.3392, 0.3388],
         [0.3518, 0.3231, 0.3251],
         [0.3387, 0.3303, 0.3309]]], grad_fn=<SoftmaxBackward>)
tensor([[[0.3220, 0.3392, 0.3388],
         [0.3518, 0.3231, 0.3251],
         [0.3387, 0.3303, 0.3309]]])
p_i tensor([[0.4611],
        [0.4648],
        [0.4805]], grad_fn=<SigmoidBackward>)
tensor([[[0.3220, 0.3392, 0.3388],
         [0.3518, 0.3231, 0.3251],
         [0.3387, 0.3303, 0.3309]]], grad_fn=<SoftmaxBackward>)
tensor([[[0.3220, 0.3392, 0.3388],
         [0.3518, 0.3231, 0.3251],
         [0.3387, 0.3303, 0.3309]]])
p_i tensor([[0.4611],
        [0.4648],
        [0.4805]], grad_fn=<SigmoidBackward>)
tensor([[[0.3220, 0.3392, 0.3388],
         [0.3518, 0.3231, 0.3251],
         [0.3387, 0.3303, 0.3309]]], grad_fn=<SoftmaxBackward>)
tensor([[[0.3220, 0.3392, 0.3388],
         [0.3518, 0.3231, 0.3251],
         [0.3387, 0.3303, 0.3309]]])
p_i tensor([[0.4611],
        [0.4648],
        [0.4805]], grad_fn=<SigmoidBackward>)
tensor([[[0.3220, 0.3392, 0.3388],
         [0.3518, 0.3231, 0.3251],
         [0.3387, 0.3303, 0.3309]]], grad_fn=<SoftmaxBackward>)
tensor([[[0.3220, 0.3392, 0.3388],
         [0.3518, 0.3231, 0.3251],
         [0.3387, 0.3303, 0.3309]]])
p_i tensor([[0.4611],
        [0.4648],
        [0.4805]], grad_fn=<SigmoidBackward>)
tensor([[[0.3220, 0.3392, 0.3388],
         [0.3518, 0.3231, 0.3251],
         [0.3387, 0.3303, 0.3309]]], grad_fn=<SoftmaxBackward>)
tensor([[[0.3220, 0.3392, 0.3388],
         [0.3518, 0.3231, 0.3251],
         [0.3387, 0.3303, 0.3309]]])
p_i tensor([[0.4611],
        [0.4648],
        [0.4805]], grad_fn=<SigmoidBackward>)
tensor([[[0.3220, 0.3392, 0.3388],
         [0.3518, 0.3231, 0.3251],
         [0.3387, 0.3303, 0.3309]]], grad_fn=<SoftmaxBackward>)
tensor([[[0.3220, 0.3392, 0.3388],
         [0.3518, 0.3231, 0.3251],
         [0.3387, 0.3303, 0.3309]]])
p_i tensor([[0.4611],
        [0.4648],
        [0.4805]], grad_fn=<SigmoidBackward>)
tensor([[[0.3220, 0.3392, 0.3388],
         [0.3518, 0.3231, 0.3251],
         [0.3387, 0.3303, 0.3309]]], grad_fn=<SoftmaxBackward>)
tensor([[[0.3220, 0.3392, 0.3388],
         [0.3518, 0.3231, 0.3251],
         [0.3387, 0.3303, 0.3309]]])
p_i tensor([[0.4611],
        [0.4648],
        [0.4805]], grad_fn=<SigmoidBackward>)
tensor([[[0.3220, 0.3392, 0.3388],
         [0.3518, 0.3231, 0.3251],
         [0.3387, 0.3303, 0.3309]]], grad_fn=<SoftmaxBackward>)
tensor([[[0.3220, 0.3392, 0.3388],
         [0.3518, 0.3231, 0.3251],
         [0.3387, 0.3303, 0.3309]]])
p_i tensor([[0.4611],
        [0.4648],
        [0.4805]], grad_fn=<SigmoidBackward>)
tensor([[[0.3220, 0.3392, 0.3388],
         [0.3518, 0.3231, 0.3251],
         [0.3387, 0.3303, 0.3309]]], grad_fn=<SoftmaxBackward>)
tensor([[[0.3220, 0.3392, 0.3388],
         [0.3518, 0.3231, 0.3251],
         [0.3387, 0.3303, 0.3309]]])
p_i tensor([[0.4611],
        [0.4648],
        [0.4805]], grad_fn=<SigmoidBackward>)
tensor([[[0.3220, 0.3392, 0.3388],
         [0.3518, 0.3231, 0.3251],
         [0.3387, 0.3303, 0.3309]]], grad_fn=<SoftmaxBackward>)
tensor([[[0.3220, 0.3392, 0.3388],
         [0.3518, 0.3231, 0.3251],
         [0.3387, 0.3303, 0.3309]]])
p_i tensor([[0.4611],
        [0.4648],
        [0.4805]], grad_fn=<SigmoidBackward>)
tensor([[[0.3220, 0.3392, 0.3388],
         [0.3518, 0.3231, 0.3251],
         [0.3387, 0.3303, 0.3309]]], grad_fn=<SoftmaxBackward>)
tensor([[[0.3220, 0.3392, 0.3388],
         [0.3518, 0.3231, 0.3251],
         [0.3387, 0.3303, 0.3309]]])
p_i tensor([[0.4611],
        [0.4648],
        [0.4805]], grad_fn=<SigmoidBackward>)
tensor([[[0.3220, 0.3392, 0.3388],
         [0.3518, 0.3231, 0.3251],
         [0.3387, 0.3303, 0.3309]]], grad_fn=<SoftmaxBackward>)
tensor([[[0.3220, 0.3392, 0.3388],
         [0.3518, 0.3231, 0.3251],
         [0.3387, 0.3303, 0.3309]]])
p_i tensor([[0.4611],
        [0.4648],
        [0.4805]], grad_fn=<SigmoidBackward>)
tensor([[[0.3220, 0.3392, 0.3388],
         [0.3518, 0.3231, 0.3251],
         [0.3387, 0.3303, 0.3309]]], grad_fn=<SoftmaxBackward>)
tensor([[[0.3220, 0.3392, 0.3388],
         [0.3518, 0.3231, 0.3251],
         [0.3387, 0.3303, 0.3309]]])
p_i tensor([[0.4611],
        [0.4648],
        [0.4805]], grad_fn=<SigmoidBackward>)
tensor([[[0.3220, 0.3392, 0.3388],
         [0.3518, 0.3231, 0.3251],
         [0.3387, 0.3303, 0.3309]]], grad_fn=<SoftmaxBackward>)
tensor([[[0.3220, 0.3392, 0.3388],
         [0.3518, 0.3231, 0.3251],
         [0.3387, 0.3303, 0.3309]]])
p_i tensor([[0.4611],
        [0.4648],
        [0.4805]], grad_fn=<SigmoidBackward>)
tensor([[[0.3220, 0.3392, 0.3388],
         [0.3518, 0.3231, 0.3251],
         [0.3387, 0.3303, 0.3309]]], grad_fn=<SoftmaxBackward>)
tensor([[[0.3220, 0.3392, 0.3388],
         [0.3518, 0.3231, 0.3251],
         [0.3387, 0.3303, 0.3309]]])
p_i tensor([[0.4611],
        [0.4648],
        [0.4805]], grad_fn=<SigmoidBackward>)
tensor([[[0.3220, 0.3392, 0.3388],
         [0.3518, 0.3231, 0.3251],
         [0.3387, 0.3303, 0.3309]]], grad_fn=<SoftmaxBackward>)
tensor([[[0.3220, 0.3392, 0.3388],
         [0.3518, 0.3231, 0.3251],
         [0.3387, 0.3303, 0.3309]]])
p_i tensor([[0.4611],
        [0.4648],
        [0.4805]], grad_fn=<SigmoidBackward>)
tensor([[[0.3220, 0.3392, 0.3388],
         [0.3518, 0.3231, 0.3251],
         [0.3387, 0.3303, 0.3309]]], grad_fn=<SoftmaxBackward>)
tensor([[[0.3220, 0.3392, 0.3388],
         [0.3518, 0.3231, 0.3251],
         [0.3387, 0.3303, 0.3309]]])
p_i tensor([[0.4611],
        [0.4648],
        [0.4805]], grad_fn=<SigmoidBackward>)
tensor([[[0.3220, 0.3392, 0.3388],
         [0.3518, 0.3231, 0.3251],
         [0.3387, 0.3303, 0.3309]]], grad_fn=<SoftmaxBackward>)
tensor([[[0.3220, 0.3392, 0.3388],
         [0.3518, 0.3231, 0.3251],
         [0.3387, 0.3303, 0.3309]]])
p_i tensor([[0.4611],
        [0.4648],
        [0.4805]], grad_fn=<SigmoidBackward>)
tensor([[[0.3220, 0.3392, 0.3388],
         [0.3518, 0.3231, 0.3251],
         [0.3387, 0.3303, 0.3309]]], grad_fn=<SoftmaxBackward>)
tensor([[[0.3220, 0.3392, 0.3388],
         [0.3518, 0.3231, 0.3251],
         [0.3387, 0.3303, 0.3309]]])
p_i tensor([[0.4611],
        [0.4648],
        [0.4805]], grad_fn=<SigmoidBackward>)
tensor([[[0.3220, 0.3392, 0.3388],
         [0.3518, 0.3231, 0.3251],
         [0.3387, 0.3303, 0.3309]]], grad_fn=<SoftmaxBackward>)
tensor([[[0.3220, 0.3392, 0.3388],
         [0.3518, 0.3231, 0.3251],
         [0.3387, 0.3303, 0.3309]]])
p_i tensor([[0.5073],
        [0.4596],
        [0.5246]], grad_fn=<SigmoidBackward>)
tensor([[[0.3334, 0.3312, 0.3354],
         [0.3337, 0.3306, 0.3357],
         [0.3312, 0.3328, 0.3360]]], grad_fn=<SoftmaxBackward>)
tensor([[[0.3334, 0.3312, 0.3354],
         [0.3337, 0.3306, 0.3357],
         [0.3312, 0.3328, 0.3360]]])
p_i tensor([[0.5444],
        [0.4863],
        [0.5487]], grad_fn=<SigmoidBackward>)
tensor([[[0.3348, 0.3300, 0.3352],
         [0.3356, 0.3290, 0.3354],
         [0.3328, 0.3313, 0.3359]]], grad_fn=<SoftmaxBackward>)
tensor([[[0.3348, 0.3300, 0.3352],
         [0.3356, 0.3290, 0.3354],
         [0.3328, 0.3313, 0.3359]]])
p_i tensor([[0.5217],
        [0.4821],
        [0.5867]], grad_fn=<SigmoidBackward>)
tensor([[[0.3370, 0.3308, 0.3322],
         [0.3375, 0.3294, 0.3331],
         [0.3380, 0.3307, 0.3312]]], grad_fn=<SoftmaxBackward>)
tensor([[[0.3370, 0.3308, 0.3322],
         [0.3375, 0.3294, 0.3331],
         [0.3380, 0.3307, 0.3312]]])
p_i tensor([[0.5955],
        [0.6376],
        [0.5681]], grad_fn=<SigmoidBackward>)
tensor([[[0.3452, 0.3299, 0.3249],
         [0.3459, 0.3292, 0.3249],
         [0.3428, 0.3316, 0.3256]]], grad_fn=<SoftmaxBackward>)
tensor([[[0.3452, 0.3299, 0.3249],
         [0.3459, 0.3292, 0.3249],
         [0.3428, 0.3316, 0.3256]]])
p_i tensor([[0.6466],
        [0.6882],
        [0.6526]], grad_fn=<SigmoidBackward>)
tensor([[[0.3429, 0.3313, 0.3259],
         [0.3432, 0.3299, 0.3269],
         [0.3402, 0.3324, 0.3274]]], grad_fn=<SoftmaxBackward>)
tensor([[[0.3429, 0.3313, 0.3259],
         [0.3432, 0.3299, 0.3269],
         [0.3402, 0.3324, 0.3274]]])
p_i tensor([[0.6412],
        [0.6820],
        [0.6517]], grad_fn=<SigmoidBackward>)
tensor([[[0.3437, 0.3319, 0.3244],
         [0.3436, 0.3300, 0.3264],
         [0.3407, 0.3325, 0.3268]]], grad_fn=<SoftmaxBackward>)
tensor([[[0.3437, 0.3319, 0.3244],
         [0.3436, 0.3300, 0.3264],
         [0.3407, 0.3325, 0.3268]]])
p_i tensor([[0.6385],
        [0.6808],
        [0.6519]], grad_fn=<SigmoidBackward>)
tensor([[[0.3444, 0.3325, 0.3231],
         [0.3438, 0.3303, 0.3259],
         [0.3411, 0.3327, 0.3262]]], grad_fn=<SoftmaxBackward>)
tensor([[[0.3444, 0.3325, 0.3231],
         [0.3438, 0.3303, 0.3259],
         [0.3411, 0.3327, 0.3262]]])
p_i tensor([[0.6284],
        [0.6782],
        [0.6489]], grad_fn=<SigmoidBackward>)
tensor([[[0.3448, 0.3325, 0.3227],
         [0.3440, 0.3302, 0.3259],
         [0.3414, 0.3325, 0.3262]]], grad_fn=<SoftmaxBackward>)
tensor([[[0.3448, 0.3325, 0.3227],
         [0.3440, 0.3302, 0.3259],
         [0.3414, 0.3325, 0.3262]]])
p_i tensor([[0.5641],
        [0.6476],
        [0.4911]], grad_fn=<SigmoidBackward>)
tensor([[[0.3328, 0.3197, 0.3476],
         [0.3283, 0.3139, 0.3578],
         [0.3411, 0.3366, 0.3223]]], grad_fn=<SoftmaxBackward>)
tensor([[[0.3328, 0.3197, 0.3476],
         [0.3283, 0.3139, 0.3578],
         [0.3411, 0.3366, 0.3223]]])
p_i tensor([[0.5490],
        [0.6527],
        [0.4637]], grad_fn=<SigmoidBackward>)
tensor([[[0.3329, 0.3208, 0.3463],
         [0.3292, 0.3161, 0.3546],
         [0.3401, 0.3378, 0.3221]]], grad_fn=<SoftmaxBackward>)
tensor([[[0.3329, 0.3208, 0.3463],
         [0.3292, 0.3161, 0.3546],
         [0.3401, 0.3378, 0.3221]]])
p_i tensor([[0.5429],
        [0.6286],
        [0.4698]], grad_fn=<SigmoidBackward>)
tensor([[[0.3312, 0.3196, 0.3493],
         [0.3269, 0.3145, 0.3586],
         [0.3405, 0.3371, 0.3224]]], grad_fn=<SoftmaxBackward>)
tensor([[[0.3312, 0.3196, 0.3493],
         [0.3269, 0.3145, 0.3586],
         [0.3405, 0.3371, 0.3224]]])
p_i tensor([[0.5612],
        [0.6277],
        [0.4734]], grad_fn=<SigmoidBackward>)
tensor([[[0.3298, 0.3176, 0.3526],
         [0.3251, 0.3124, 0.3625],
         [0.3406, 0.3363, 0.3231]]], grad_fn=<SoftmaxBackward>)
tensor([[[0.3298, 0.3176, 0.3526],
         [0.3251, 0.3124, 0.3625],
         [0.3406, 0.3363, 0.3231]]])
p_i tensor([[0.5674],
        [0.6361],
        [0.4753]], grad_fn=<SigmoidBackward>)
tensor([[[0.3270, 0.3159, 0.3571],
         [0.3223, 0.3107, 0.3670],
         [0.3403, 0.3358, 0.3239]]], grad_fn=<SoftmaxBackward>)
tensor([[[0.3270, 0.3159, 0.3571],
         [0.3223, 0.3107, 0.3670],
         [0.3403, 0.3358, 0.3239]]])
p_i tensor([[0.5824],
        [0.6352],
        [0.4759]], grad_fn=<SigmoidBackward>)
tensor([[[0.3262, 0.3126, 0.3612],
         [0.3206, 0.3075, 0.3719],
         [0.3408, 0.3345, 0.3247]]], grad_fn=<SoftmaxBackward>)
tensor([[[0.3262, 0.3126, 0.3612],
         [0.3206, 0.3075, 0.3719],
         [0.3408, 0.3345, 0.3247]]])
p_i tensor([[0.5820],
        [0.6497],
        [0.4760]], grad_fn=<SigmoidBackward>)
tensor([[[0.3229, 0.3113, 0.3658],
         [0.3175, 0.3064, 0.3761],
         [0.3399, 0.3346, 0.3255]]], grad_fn=<SoftmaxBackward>)
tensor([[[0.3229, 0.3113, 0.3658],
         [0.3175, 0.3064, 0.3761],
         [0.3399, 0.3346, 0.3255]]])
p_i tensor([[0.5293],
        [0.5853],
        [0.4759]], grad_fn=<SigmoidBackward>)
tensor([[[0.3271, 0.3146, 0.3583],
         [0.3233, 0.3118, 0.3649],
         [0.3374, 0.3313, 0.3314]]], grad_fn=<SoftmaxBackward>)
tensor([[[0.3271, 0.3146, 0.3583],
         [0.3233, 0.3118, 0.3649],
         [0.3374, 0.3313, 0.3314]]])
p_i tensor([[0.5200],
        [0.5764],
        [0.4770]], grad_fn=<SigmoidBackward>)
tensor([[[0.3276, 0.3134, 0.3589],
         [0.3257, 0.3126, 0.3617],
         [0.3365, 0.3305, 0.3329]]], grad_fn=<SoftmaxBackward>)
tensor([[[0.3276, 0.3134, 0.3589],
         [0.3257, 0.3126, 0.3617],
         [0.3365, 0.3305, 0.3329]]])
p_i tensor([[0.5244],
        [0.5742],
        [0.4764]], grad_fn=<SigmoidBackward>)
tensor([[[0.3270, 0.3140, 0.3590],
         [0.3251, 0.3132, 0.3617],
         [0.3365, 0.3306, 0.3329]]], grad_fn=<SoftmaxBackward>)
tensor([[[0.3270, 0.3140, 0.3590],
         [0.3251, 0.3132, 0.3617],
         [0.3365, 0.3306, 0.3329]]])
p_i tensor([[0.4979],
        [0.6478],
        [0.4759]], grad_fn=<SigmoidBackward>)
tensor([[[0.3200, 0.3171, 0.3629],
         [0.3095, 0.3140, 0.3765],
         [0.3316, 0.3390, 0.3294]]], grad_fn=<SoftmaxBackward>)
tensor([[[0.3200, 0.3171, 0.3629],
         [0.3095, 0.3140, 0.3765],
         [0.3316, 0.3390, 0.3294]]])
p_i tensor([[0.5332],
        [0.6402],
        [0.4752]], grad_fn=<SigmoidBackward>)
tensor([[[0.3180, 0.3144, 0.3677],
         [0.3116, 0.3210, 0.3675],
         [0.3315, 0.3399, 0.3286]]], grad_fn=<SoftmaxBackward>)
tensor([[[0.3180, 0.3144, 0.3677],
         [0.3116, 0.3210, 0.3675],
         [0.3315, 0.3399, 0.3286]]])
p_i tensor([[0.4927],
        [0.5598],
        [0.4748]], grad_fn=<SigmoidBackward>)
tensor([[[0.3056, 0.3542, 0.3403],
         [0.3328, 0.3374, 0.3298],
         [0.3357, 0.3322, 0.3321]]], grad_fn=<SoftmaxBackward>)
tensor([[[0.3056, 0.3542, 0.3403],
         [0.3328, 0.3374, 0.3298],
         [0.3357, 0.3322, 0.3321]]])
p_i tensor([[0.4950],
        [0.4674],
        [0.4764]], grad_fn=<SigmoidBackward>)
tensor([[[0.3059, 0.3511, 0.3430],
         [0.3357, 0.3316, 0.3327],
         [0.3370, 0.3314, 0.3315]]], grad_fn=<SoftmaxBackward>)
tensor([[[0.3059, 0.3511, 0.3430],
         [0.3357, 0.3316, 0.3327],
         [0.3370, 0.3314, 0.3315]]])
p_i tensor([[0.4935],
        [0.4709],
        [0.4776]], grad_fn=<SigmoidBackward>)
tensor([[[0.3066, 0.3502, 0.3432],
         [0.3349, 0.3319, 0.3332],
         [0.3377, 0.3310, 0.3313]]], grad_fn=<SoftmaxBackward>)
tensor([[[0.3066, 0.3502, 0.3432],
         [0.3349, 0.3319, 0.3332],
         [0.3377, 0.3310, 0.3313]]])
p_i tensor([[0.4927],
        [0.4697],
        [0.4782]], grad_fn=<SigmoidBackward>)
tensor([[[0.3072, 0.3493, 0.3435],
         [0.3342, 0.3320, 0.3337],
         [0.3381, 0.3307, 0.3312]]], grad_fn=<SoftmaxBackward>)
tensor([[[0.3072, 0.3493, 0.3435],
         [0.3342, 0.3320, 0.3337],
         [0.3381, 0.3307, 0.3312]]])
p_i tensor([[0.4923],
        [0.4681],
        [0.4784]], grad_fn=<SigmoidBackward>)
tensor([[[0.3076, 0.3488, 0.3437],
         [0.3338, 0.3321, 0.3341],
         [0.3383, 0.3305, 0.3311]]], grad_fn=<SoftmaxBackward>)
tensor([[[0.3076, 0.3488, 0.3437],
         [0.3338, 0.3321, 0.3341],
         [0.3383, 0.3305, 0.3311]]])
p_i tensor([[0.4921],
        [0.4663],
        [0.4786]], grad_fn=<SigmoidBackward>)
tensor([[[0.3077, 0.3484, 0.3438],
         [0.3335, 0.3322, 0.3343],
         [0.3385, 0.3304, 0.3311]]], grad_fn=<SoftmaxBackward>)
tensor([[[0.3077, 0.3484, 0.3438],
         [0.3335, 0.3322, 0.3343],
         [0.3385, 0.3304, 0.3311]]])
p_i tensor([[0.4919],
        [0.4652],
        [0.4786]], grad_fn=<SigmoidBackward>)
tensor([[[0.3078, 0.3483, 0.3439],
         [0.3334, 0.3322, 0.3344],
         [0.3386, 0.3303, 0.3311]]], grad_fn=<SoftmaxBackward>)
tensor([[[0.3078, 0.3483, 0.3439],
         [0.3334, 0.3322, 0.3344],
         [0.3386, 0.3303, 0.3311]]])
p_i tensor([[0.4917],
        [0.4646],
        [0.4786]], grad_fn=<SigmoidBackward>)
tensor([[[0.3078, 0.3482, 0.3440],
         [0.3333, 0.3322, 0.3345],
         [0.3387, 0.3303, 0.3310]]], grad_fn=<SoftmaxBackward>)
tensor([[[0.3078, 0.3482, 0.3440],
         [0.3333, 0.3322, 0.3345],
         [0.3387, 0.3303, 0.3310]]])
p_i tensor([[0.4916],
        [0.4643],
        [0.4786]], grad_fn=<SigmoidBackward>)
tensor([[[0.3078, 0.3482, 0.3441],
         [0.3333, 0.3322, 0.3345],
         [0.3387, 0.3302, 0.3310]]], grad_fn=<SoftmaxBackward>)
tensor([[[0.3078, 0.3482, 0.3441],
         [0.3333, 0.3322, 0.3345],
         [0.3387, 0.3302, 0.3310]]])
p_i tensor([[0.4915],
        [0.4642],
        [0.4786]], grad_fn=<SigmoidBackward>)
tensor([[[0.3078, 0.3481, 0.3441],
         [0.3332, 0.3322, 0.3346],
         [0.3388, 0.3302, 0.3310]]], grad_fn=<SoftmaxBackward>)
tensor([[[0.3078, 0.3481, 0.3441],
         [0.3332, 0.3322, 0.3346],
         [0.3388, 0.3302, 0.3310]]])
p_i tensor([[0.4914],
        [0.4641],
        [0.4786]], grad_fn=<SigmoidBackward>)
tensor([[[0.3077, 0.3482, 0.3441],
         [0.3332, 0.3322, 0.3346],
         [0.3388, 0.3302, 0.3310]]], grad_fn=<SoftmaxBackward>)
tensor([[[0.3077, 0.3482, 0.3441],
         [0.3332, 0.3322, 0.3346],
         [0.3388, 0.3302, 0.3310]]])
p_i tensor([[0.5244],
        [0.4641],
        [0.4786]], grad_fn=<SigmoidBackward>)
tensor([[[0.3029, 0.3512, 0.3459],
         [0.3332, 0.3322, 0.3346],
         [0.3414, 0.3289, 0.3297]]], grad_fn=<SoftmaxBackward>)
tensor([[[0.3029, 0.3512, 0.3459],
         [0.3332, 0.3322, 0.3346],
         [0.3414, 0.3289, 0.3297]]])
p_i tensor([[0.4998],
        [0.4637],
        [0.4780]], grad_fn=<SigmoidBackward>)
tensor([[[0.3469, 0.3282, 0.3250],
         [0.3391, 0.3293, 0.3316],
         [0.3374, 0.3309, 0.3317]]], grad_fn=<SoftmaxBackward>)
tensor([[[0.3469, 0.3282, 0.3250],
         [0.3391, 0.3293, 0.3316],
         [0.3374, 0.3309, 0.3317]]])
p_i tensor([[0.5072],
        [0.4590],
        [0.5241]], grad_fn=<SigmoidBackward>)
tensor([[[0.3334, 0.3312, 0.3354],
         [0.3337, 0.3306, 0.3357],
         [0.3312, 0.3328, 0.3361]]], grad_fn=<SoftmaxBackward>)
tensor([[[0.3334, 0.3312, 0.3354],
         [0.3337, 0.3306, 0.3357],
         [0.3312, 0.3328, 0.3361]]])
p_i tensor([[0.5441],
        [0.4861],
        [0.5480]], grad_fn=<SigmoidBackward>)
tensor([[[0.3348, 0.3300, 0.3351],
         [0.3356, 0.3291, 0.3353],
         [0.3328, 0.3313, 0.3359]]], grad_fn=<SoftmaxBackward>)
tensor([[[0.3348, 0.3300, 0.3351],
         [0.3356, 0.3291, 0.3353],
         [0.3328, 0.3313, 0.3359]]])
p_i tensor([[0.5216],
        [0.4819],
        [0.5849]], grad_fn=<SigmoidBackward>)
tensor([[[0.3370, 0.3308, 0.3321],
         [0.3375, 0.3295, 0.3331],
         [0.3381, 0.3307, 0.3312]]], grad_fn=<SoftmaxBackward>)
tensor([[[0.3370, 0.3308, 0.3321],
         [0.3375, 0.3295, 0.3331],
         [0.3381, 0.3307, 0.3312]]])
p_i tensor([[0.5953],
        [0.6372],
        [0.5667]], grad_fn=<SigmoidBackward>)
tensor([[[0.3452, 0.3299, 0.3249],
         [0.3458, 0.3292, 0.3250],
         [0.3428, 0.3315, 0.3257]]], grad_fn=<SoftmaxBackward>)
tensor([[[0.3452, 0.3299, 0.3249],
         [0.3458, 0.3292, 0.3250],
         [0.3428, 0.3315, 0.3257]]])
p_i tensor([[0.6478],
        [0.6854],
        [0.6482]], grad_fn=<SigmoidBackward>)
tensor([[[0.3423, 0.3304, 0.3273],
         [0.3428, 0.3293, 0.3279],
         [0.3397, 0.3317, 0.3286]]], grad_fn=<SoftmaxBackward>)
tensor([[[0.3423, 0.3304, 0.3273],
         [0.3428, 0.3293, 0.3279],
         [0.3397, 0.3317, 0.3286]]])
p_i tensor([[0.6429],
        [0.6821],
        [0.6507]], grad_fn=<SigmoidBackward>)
tensor([[[0.3436, 0.3317, 0.3248],
         [0.3433, 0.3298, 0.3269],
         [0.3405, 0.3323, 0.3272]]], grad_fn=<SoftmaxBackward>)
tensor([[[0.3436, 0.3317, 0.3248],
         [0.3433, 0.3298, 0.3269],
         [0.3405, 0.3323, 0.3272]]])
p_i tensor([[0.6383],
        [0.6788],
        [0.6476]], grad_fn=<SigmoidBackward>)
tensor([[[0.3439, 0.3316, 0.3245],
         [0.3434, 0.3296, 0.3269],
         [0.3407, 0.3320, 0.3273]]], grad_fn=<SoftmaxBackward>)
tensor([[[0.3439, 0.3316, 0.3245],
         [0.3434, 0.3296, 0.3269],
         [0.3407, 0.3320, 0.3273]]])
p_i tensor([[0.6288],
        [0.6782],
        [0.6475]], grad_fn=<SigmoidBackward>)
tensor([[[0.3447, 0.3322, 0.3231],
         [0.3438, 0.3299, 0.3263],
         [0.3412, 0.3321, 0.3267]]], grad_fn=<SoftmaxBackward>)
tensor([[[0.3447, 0.3322, 0.3231],
         [0.3438, 0.3299, 0.3263],
         [0.3412, 0.3321, 0.3267]]])
p_i tensor([[0.6279],
        [0.6711],
        [0.6405]], grad_fn=<SigmoidBackward>)
tensor([[[0.3463, 0.3319, 0.3217],
         [0.3456, 0.3295, 0.3248],
         [0.3435, 0.3305, 0.3260]]], grad_fn=<SoftmaxBackward>)
tensor([[[0.3463, 0.3319, 0.3217],
